3060
3000
2940
2900
2840
2780
2740
2680
2640
2580
2520
2480
2420
2380
2340
2280
2240
2200
2160
2100
2060
2020
1980
1960
1920
1880
1840
1820
1780
1760
1720
1700
1680
1660
1640
1620
1600
1580
1560
1560
1540
1520
1520
1520
1500
1500
1500
1500
1500
1500
1500
1500
1520
1520
1520
1540
1540
1560
1560
1580
1600
1620
1620
1640
1660
1680
1700
1720
1740
1760
1800
1820
1840
1860
1900
1920
1940
1980
2000
2020
2060
2080
2120
2140
2180
2200
2240
2260
2300
2320
2360
2380
2420
2440
2480
2500
2540
2560
2600
2620
2660
2680
2720
2740
2780
2800
2840
2860
2880
2920
2940
2960
3000
3020
3040
3060
3080
3120
3140
3160
3180
3200
3220
3240
3260
3280
3300
3320
3340
3340
3360
3380
3400
3420
3420
3440
3460
3460
3480
3480
3500
3500
3520
3520
3540
3540
3540
3560
3560
3560
3560
3580
3580
3580
3580
3580
3580
3580
3580
3580
3580
3580
3580
3580
3580
3580
3560
3560
3560
3560
3540
3540
3540
3520
3520
3520
3500
3500
3480
3480
3480
3460
3460
3440
3440
3420
3400
3400
3380
3380
3360
3340
3340
3320
3320
3300
3280
3260
3260
3240
3220
3220
3200
3180
3160
3160
3140
3120
3100
3100
3080
3060
3040
3040
3020
3000
2980
2960
2960
2940
2920
2900
2880
2880
2860
2840
2820
2800
2800
2780
2760
2740
2720
2720
2700
2680
2660
2660
2640
2620
2600
2600
2580
2560
2540
2540
2520
2500
2480
2480
2460
2440
2440
2420
2400
2400
