3060
3100
3160
3200
3240
3300
3340
3380
3420
3460
3500
3520
3560
3600
3620
3660
3680
3700
3720
3740
3760
3780
3800
3820
3820
3840
3840
3840
3860
3860
3860
3860
3860
3840
3840
3840
3820
3820
3800
3800
3780
3760
3740
3720
3700
3680
3660
3640
3620
3600
3580
3540
3520
3500
3460
3440
3400
3380
3340
3320
3280
3240
3220
3180
3140
3120
3080
3040
3020
2980
2940
2900
2880
2840
2800
2780
2740
2700
2680
2640
2600
2580
2540
2500
2480
2440
2420
2380
2360
2320
2300
2260
2240
2220
2180
2160
2140
2100
2080
2060
2040
2020
2000
1980
1960
1940
1920
1900
1880
1860
1840
1840
1820
1800
1800
1780
1760
1760
1740
1740
1720
1720
1720
1700
1700
1700
1700
1680
1680
1680
1680
1680
1680
1680
1680
1680
1680
1680
1680
1700
1700
1700
1700
1720
1720
1720
1740
1740
1760
1760
1760
1780
1780
1800
1820
1820
1840
1840
1860
1880
1880
1900
1920
1920
1940
1960
1980
1980
2000
2020
2040
2060
2080
2080
2100
2120
2140
2160
2180
2200
2200
2220
2240
2260
2280
2300
2320
2340
2360
2380
2400
2400
2420
2440
2460
2480
2500
2520
2540
2560
2580
2600
2600
2620
2640
2660
2680
2700
2720
2740
2740
2760
2780
2800
2820
2840
2840
2860
2880
2900
2900
2920
2940
2960
2960
2980
3000
3020
3020
3040
3060
3060
3080
3100
3100
3120
3120
3140
3160
3160
3180
3180
3200
3200
3220
3220
3240
3240
3260
3260
3280
3280
3280
3300
3300
3320
